-1.996837234497070312e+01
-1.922651290893554688e+01
-1.846145629882812500e+01
-1.913158607482910156e+01
-1.872677230834960938e+01
-1.928569793701171875e+01
-1.886012458801269531e+01
-2.043982887268066406e+01
-1.995862388610839844e+01
-2.258446311950683594e+01
-2.411010742187500000e+01
-2.468470001220703125e+01
-2.426339149475097656e+01
-2.402761459350585938e+01
-2.402738952636718750e+01
-2.380189895629882812e+01
-2.488028717041015625e+01
-2.382277488708496094e+01
-2.377943801879882812e+01
-9.725373268127441406e+00
-1.240706920623779297e+01
-1.182366943359375000e+01
-1.179321289062500000e+01
-7.096613407135009766e+00
-1.223191642761230469e+01
-3.628167152404785156e+00
-1.244472122192382812e+01
-1.207971000671386719e+01
-1.316059112548828125e+01
9.839178085327148438e+00
1.297714328765869141e+01
1.724160575866699219e+01
9.571328163146972656e+00
8.668313980102539062e+00
1.856964492797851562e+01
1.903952598571777344e+01
1.929768753051757812e+01
1.833165168762207031e+01
1.668268966674804688e+01
9.121126174926757812e+00
2.824692249298095703e+00
1.486413192749023438e+01
1.587925052642822266e+01
1.360118484497070312e+01
1.370716953277587891e+01
6.648407936096191406e+00
3.212841033935546875e+00
1.561329460144042969e+01
1.094058132171630859e+01
2.562332916259765625e+01
2.452030563354492188e+01
2.713415908813476562e+01
2.557162857055664062e+01
3.013833618164062500e+01
1.856144714355468750e+01
2.103277969360351562e+01
2.279196548461914062e+01
2.447724151611328125e+01
3.062076568603515625e+01
1.334765243530273438e+01
2.532896995544433594e+00
-1.120603084564208984e+00
8.758033752441406250e+00
2.042767047882080078e+00
3.492359519004821777e-01
3.986205816268920898e+00
1.361109733581542969e+01
1.283037853240966797e+01
1.275454711914062500e+01
