-1.728000879287719727e+00
-1.728000879287719727e+00
-1.728000879287719727e+00
-1.728000879287719727e+00
-1.728000879287719727e+00
-5.475287437438964844e+00
-5.475287437438964844e+00
-5.475287437438964844e+00
-5.475287437438964844e+00
-5.475287437438964844e+00
-3.239539384841918945e+00
-3.239539384841918945e+00
-3.239539384841918945e+00
-3.239539384841918945e+00
-3.239539384841918945e+00
-2.172513961791992188e+00
-2.172513961791992188e+00
-2.172513961791992188e+00
-2.172513961791992188e+00
-2.172513961791992188e+00
-6.155207633972167969e+00
-6.155207633972167969e+00
-6.155207633972167969e+00
-6.155207633972167969e+00
-2.922227382659912109e+00
-2.922227382659912109e+00
-2.922227382659912109e+00
-2.922227382659912109e+00
-2.922227382659912109e+00
-2.652767419815063477e+00
-2.652767419815063477e+00
-2.652767419815063477e+00
-2.652767419815063477e+00
-2.652767419815063477e+00
-6.623757839202880859e+00
-6.623757839202880859e+00
-6.623757839202880859e+00
-6.623757839202880859e+00
-6.623757839202880859e+00
-3.015392541885375977e+00
-3.015392541885375977e+00
-3.015392541885375977e+00
-3.015392541885375977e+00
-3.015392541885375977e+00
1.651757717132568359e+00
1.651757717132568359e+00
1.651757717132568359e+00
1.651757717132568359e+00
1.651757717132568359e+00
1.982303738594055176e+00
1.982303738594055176e+00
1.982303738594055176e+00
1.982303738594055176e+00
1.982303738594055176e+00
2.936232566833496094e+00
2.936232566833496094e+00
2.936232566833496094e+00
2.936232566833496094e+00
3.738220930099487305e+00
3.738220930099487305e+00
3.738220930099487305e+00
3.738220930099487305e+00
4.618066787719726562e+00
4.618066787719726562e+00
4.618066787719726562e+00
4.618066787719726562e+00
5.502065658569335938e+00
5.502065658569335938e+00
5.502065658569335938e+00
5.502065658569335938e+00
-1.238242313265800476e-01
-1.238242313265800476e-01
-1.238242313265800476e-01
-1.238242313265800476e-01
5.079325675964355469e+00
5.079325675964355469e+00
5.079325675964355469e+00
5.079325675964355469e+00
1.873737573623657227e+00
1.873737573623657227e+00
1.873737573623657227e+00
1.873737573623657227e+00
5.379490852355957031e+00
5.379490852355957031e+00
5.379490852355957031e+00
5.379490852355957031e+00
-7.348572731018066406e+00
-7.348572731018066406e+00
-7.348572731018066406e+00
-7.348572731018066406e+00
-5.894350051879882812e+00
-5.894350051879882812e+00
-5.894350051879882812e+00
-5.894350051879882812e+00
-7.612278938293457031e+00
-7.612278938293457031e+00
-7.612278938293457031e+00
-7.612278938293457031e+00
-1.033455848693847656e+01
-1.033455848693847656e+01
-1.033455848693847656e+01
-1.033455848693847656e+01
-4.890550613403320312e+00
-4.890550613403320312e+00
-4.890550613403320312e+00
-4.890550613403320312e+00
-8.984939575195312500e+00
-8.984939575195312500e+00
-8.984939575195312500e+00
-8.984939575195312500e+00
5.137737751007080078e+00
5.137737751007080078e+00
5.137737751007080078e+00
5.137737751007080078e+00
-5.325736999511718750e+00
-5.325736999511718750e+00
-5.325736999511718750e+00
-5.325736999511718750e+00
-5.584173679351806641e+00
-5.584173679351806641e+00
-5.584173679351806641e+00
-5.584173679351806641e+00
-6.683475494384765625e+00
-6.683475494384765625e+00
-6.683475494384765625e+00
-6.683475494384765625e+00
-1.277583789825439453e+01
-1.277583789825439453e+01
-1.277583789825439453e+01
-1.277583789825439453e+01
-1.143317985534667969e+01
-1.143317985534667969e+01
-1.143317985534667969e+01
-1.143317985534667969e+01
-1.482354831695556641e+01
-1.482354831695556641e+01
-1.482354831695556641e+01
-1.482354831695556641e+01
-2.039431762695312500e+01
-2.039431762695312500e+01
-2.039431762695312500e+01
-2.039431762695312500e+01
-1.154643535614013672e+01
-1.154643535614013672e+01
-1.154643535614013672e+01
-1.154643535614013672e+01
-1.193695068359375000e+01
-1.193695068359375000e+01
-1.193695068359375000e+01
-1.193695068359375000e+01
-7.535896301269531250e+00
-7.535896301269531250e+00
-7.535896301269531250e+00
-7.535896301269531250e+00
-1.613469505310058594e+01
-1.613469505310058594e+01
-1.613469505310058594e+01
-1.613469505310058594e+01
-2.113003921508789062e+01
-2.113003921508789062e+01
-2.113003921508789062e+01
-2.113003921508789062e+01
-1.491088294982910156e+01
-1.491088294982910156e+01
-1.491088294982910156e+01
-1.491088294982910156e+01
3.690182876586914062e+01
3.690182876586914062e+01
3.690182876586914062e+01
3.690182876586914062e+01
3.702097320556640625e+01
3.702097320556640625e+01
3.702097320556640625e+01
3.702097320556640625e+01
3.410957717895507812e+01
3.410957717895507812e+01
3.410957717895507812e+01
3.410957717895507812e+01
3.193543434143066406e+01
3.193543434143066406e+01
3.193543434143066406e+01
3.193543434143066406e+01
3.372901153564453125e+01
3.372901153564453125e+01
3.372901153564453125e+01
3.372901153564453125e+01
3.111149215698242188e+01
3.111149215698242188e+01
3.111149215698242188e+01
3.111149215698242188e+01
2.191004943847656250e+01
2.191004943847656250e+01
2.191004943847656250e+01
2.191004943847656250e+01
2.755611038208007812e+01
2.755611038208007812e+01
2.755611038208007812e+01
2.755611038208007812e+01
3.121749877929687500e+01
3.121749877929687500e+01
3.121749877929687500e+01
3.121749877929687500e+01
3.566323089599609375e+01
3.566323089599609375e+01
3.566323089599609375e+01
3.566323089599609375e+01
-1.187571430206298828e+01
-1.187571430206298828e+01
-1.187571430206298828e+01
-1.187571430206298828e+01
-4.596434593200683594e+00
-4.596434593200683594e+00
-4.596434593200683594e+00
-4.596434593200683594e+00
-4.628973007202148438e+00
-4.628973007202148438e+00
-4.628973007202148438e+00
-4.628973007202148438e+00
-1.299809074401855469e+01
-1.299809074401855469e+01
-1.299809074401855469e+01
-1.299809074401855469e+01
-3.720143735408782959e-01
-3.720143735408782959e-01
-3.720143735408782959e-01
-3.720143735408782959e-01
-9.694114685058593750e+00
-9.694114685058593750e+00
-9.694114685058593750e+00
-9.694114685058593750e+00
-1.042991399765014648e+00
-1.042991399765014648e+00
-1.042991399765014648e+00
-1.291118144989013672e+01
-1.291118144989013672e+01
-1.291118144989013672e+01
-1.291118144989013672e+01
-1.096087360382080078e+01
-1.096087360382080078e+01
-1.096087360382080078e+01
-1.096087360382080078e+01
-5.137404441833496094e+00
-5.137404441833496094e+00
-5.137404441833496094e+00
-5.137404441833496094e+00
-3.933951854705810547e+00
-3.933951854705810547e+00
-3.933951854705810547e+00
-3.933951854705810547e+00
-3.146039009094238281e+00
-3.146039009094238281e+00
-3.146039009094238281e+00
-3.146039009094238281e+00
-8.216598510742187500e+00
-8.216598510742187500e+00
-8.216598510742187500e+00
-8.216598510742187500e+00
-4.058043062686920166e-01
-4.058043062686920166e-01
-4.058043062686920166e-01
-4.058043062686920166e-01
-7.398589134216308594e+00
-7.398589134216308594e+00
-7.398589134216308594e+00
-7.398589134216308594e+00
-2.398553848266601562e+00
-2.398553848266601562e+00
-2.398553848266601562e+00
-2.398553848266601562e+00
-5.915679931640625000e+00
-5.915679931640625000e+00
-5.915679931640625000e+00
-5.915679931640625000e+00
-2.221954822540283203e+00
-2.221954822540283203e+00
-2.221954822540283203e+00
-2.221954822540283203e+00
-5.752749443054199219e+00
-5.752749443054199219e+00
-5.752749443054199219e+00
-5.752749443054199219e+00
-2.691467404365539551e-01
-2.691467404365539551e-01
-2.691467404365539551e-01
-2.691467404365539551e-01
